{
 "cells": [
  {
   "cell_type": "code",
   "execution_count": 1,
   "metadata": {},
   "outputs": [
    {
     "data": {
      "text/html": [
       "<div>\n",
       "<style scoped>\n",
       "    .dataframe tbody tr th:only-of-type {\n",
       "        vertical-align: middle;\n",
       "    }\n",
       "\n",
       "    .dataframe tbody tr th {\n",
       "        vertical-align: top;\n",
       "    }\n",
       "\n",
       "    .dataframe thead th {\n",
       "        text-align: right;\n",
       "    }\n",
       "</style>\n",
       "<table border=\"1\" class=\"dataframe\">\n",
       "  <thead>\n",
       "    <tr style=\"text-align: right;\">\n",
       "      <th></th>\n",
       "      <th>age</th>\n",
       "      <th>sex</th>\n",
       "      <th>cp</th>\n",
       "      <th>trestbps</th>\n",
       "      <th>chol</th>\n",
       "      <th>fbs</th>\n",
       "      <th>restecg</th>\n",
       "      <th>thalach</th>\n",
       "      <th>exang</th>\n",
       "      <th>oldpeak</th>\n",
       "      <th>slope</th>\n",
       "      <th>ca</th>\n",
       "      <th>thal</th>\n",
       "      <th>target</th>\n",
       "    </tr>\n",
       "  </thead>\n",
       "  <tbody>\n",
       "    <tr>\n",
       "      <th>0</th>\n",
       "      <td>63</td>\n",
       "      <td>1</td>\n",
       "      <td>3</td>\n",
       "      <td>145</td>\n",
       "      <td>233</td>\n",
       "      <td>1</td>\n",
       "      <td>0</td>\n",
       "      <td>150</td>\n",
       "      <td>0</td>\n",
       "      <td>2.3</td>\n",
       "      <td>0</td>\n",
       "      <td>0</td>\n",
       "      <td>1</td>\n",
       "      <td>1</td>\n",
       "    </tr>\n",
       "    <tr>\n",
       "      <th>1</th>\n",
       "      <td>37</td>\n",
       "      <td>1</td>\n",
       "      <td>2</td>\n",
       "      <td>130</td>\n",
       "      <td>250</td>\n",
       "      <td>0</td>\n",
       "      <td>1</td>\n",
       "      <td>187</td>\n",
       "      <td>0</td>\n",
       "      <td>3.5</td>\n",
       "      <td>0</td>\n",
       "      <td>0</td>\n",
       "      <td>2</td>\n",
       "      <td>1</td>\n",
       "    </tr>\n",
       "    <tr>\n",
       "      <th>2</th>\n",
       "      <td>41</td>\n",
       "      <td>0</td>\n",
       "      <td>1</td>\n",
       "      <td>130</td>\n",
       "      <td>204</td>\n",
       "      <td>0</td>\n",
       "      <td>0</td>\n",
       "      <td>172</td>\n",
       "      <td>0</td>\n",
       "      <td>1.4</td>\n",
       "      <td>2</td>\n",
       "      <td>0</td>\n",
       "      <td>2</td>\n",
       "      <td>1</td>\n",
       "    </tr>\n",
       "  </tbody>\n",
       "</table>\n",
       "</div>"
      ],
      "text/plain": [
       "   age  sex  cp  trestbps  chol  fbs  restecg  thalach  exang  oldpeak  slope  \\\n",
       "0   63    1   3       145   233    1        0      150      0      2.3      0   \n",
       "1   37    1   2       130   250    0        1      187      0      3.5      0   \n",
       "2   41    0   1       130   204    0        0      172      0      1.4      2   \n",
       "\n",
       "   ca  thal  target  \n",
       "0   0     1       1  \n",
       "1   0     2       1  \n",
       "2   0     2       1  "
      ]
     },
     "execution_count": 1,
     "metadata": {},
     "output_type": "execute_result"
    }
   ],
   "source": [
    "#importing datasets\n",
    "import numpy as np\n",
    "import pandas as pd\n",
    "import seaborn as sns\n",
    "import matplotlib.pyplot as plt\n",
    "df = pd.read_csv('heart-disease.csv')  # Load the 'heart' dataset (if it exists in Seaborn)\n",
    "df1=pd.read_csv('thyroid2.csv')\n",
    "df.head(3)"
   ]
  },
  {
   "cell_type": "code",
   "execution_count": 2,
   "metadata": {},
   "outputs": [
    {
     "data": {
      "text/plain": [
       "array([[ 2.68642675e+03, -2.20385548e+00],\n",
       "       [-2.20385548e+00,  2.48836142e-01]])"
      ]
     },
     "execution_count": 2,
     "metadata": {},
     "output_type": "execute_result"
    }
   ],
   "source": [
    "#finding the covariance\n",
    "np.cov(df['chol'],df['target'])"
   ]
  },
  {
   "cell_type": "markdown",
   "metadata": {},
   "source": [
    "##### **Note: Covariance tells us whether two variables are related and in what direction, while correlation gives us a clearer picture of how strong that relationship is...Also it is very difficult to interpret the Covariance So Staticians gave us a new opportunity to see the correlation instead of Covariance**"
   ]
  },
  {
   "cell_type": "code",
   "execution_count": 3,
   "metadata": {},
   "outputs": [
    {
     "name": "stdout",
     "output_type": "stream",
     "text": [
      "<class 'pandas.core.frame.DataFrame'>\n",
      "RangeIndex: 303 entries, 0 to 302\n",
      "Data columns (total 14 columns):\n",
      " #   Column    Non-Null Count  Dtype  \n",
      "---  ------    --------------  -----  \n",
      " 0   age       303 non-null    int64  \n",
      " 1   sex       303 non-null    int64  \n",
      " 2   cp        303 non-null    int64  \n",
      " 3   trestbps  303 non-null    int64  \n",
      " 4   chol      303 non-null    int64  \n",
      " 5   fbs       303 non-null    int64  \n",
      " 6   restecg   303 non-null    int64  \n",
      " 7   thalach   303 non-null    int64  \n",
      " 8   exang     303 non-null    int64  \n",
      " 9   oldpeak   303 non-null    float64\n",
      " 10  slope     303 non-null    int64  \n",
      " 11  ca        303 non-null    int64  \n",
      " 12  thal      303 non-null    int64  \n",
      " 13  target    303 non-null    int64  \n",
      "dtypes: float64(1), int64(13)\n",
      "memory usage: 33.3 KB\n"
     ]
    }
   ],
   "source": [
    "#df1.columns\n",
    "df.info()"
   ]
  },
  {
   "cell_type": "code",
   "execution_count": 4,
   "metadata": {},
   "outputs": [
    {
     "data": {
      "text/html": [
       "<div>\n",
       "<style scoped>\n",
       "    .dataframe tbody tr th:only-of-type {\n",
       "        vertical-align: middle;\n",
       "    }\n",
       "\n",
       "    .dataframe tbody tr th {\n",
       "        vertical-align: top;\n",
       "    }\n",
       "\n",
       "    .dataframe thead th {\n",
       "        text-align: right;\n",
       "    }\n",
       "</style>\n",
       "<table border=\"1\" class=\"dataframe\">\n",
       "  <thead>\n",
       "    <tr style=\"text-align: right;\">\n",
       "      <th></th>\n",
       "      <th>age</th>\n",
       "      <th>sex</th>\n",
       "      <th>cp</th>\n",
       "      <th>trestbps</th>\n",
       "      <th>chol</th>\n",
       "      <th>fbs</th>\n",
       "      <th>restecg</th>\n",
       "      <th>thalach</th>\n",
       "      <th>exang</th>\n",
       "      <th>oldpeak</th>\n",
       "      <th>slope</th>\n",
       "      <th>ca</th>\n",
       "      <th>thal</th>\n",
       "      <th>target</th>\n",
       "    </tr>\n",
       "  </thead>\n",
       "  <tbody>\n",
       "    <tr>\n",
       "      <th>age</th>\n",
       "      <td>1.000000</td>\n",
       "      <td>-0.098447</td>\n",
       "      <td>-0.068653</td>\n",
       "      <td>0.279351</td>\n",
       "      <td>0.213678</td>\n",
       "      <td>0.121308</td>\n",
       "      <td>-0.116211</td>\n",
       "      <td>-0.398522</td>\n",
       "      <td>0.096801</td>\n",
       "      <td>0.210013</td>\n",
       "      <td>-0.168814</td>\n",
       "      <td>0.276326</td>\n",
       "      <td>0.068001</td>\n",
       "      <td>-0.225439</td>\n",
       "    </tr>\n",
       "    <tr>\n",
       "      <th>sex</th>\n",
       "      <td>-0.098447</td>\n",
       "      <td>1.000000</td>\n",
       "      <td>-0.049353</td>\n",
       "      <td>-0.056769</td>\n",
       "      <td>-0.197912</td>\n",
       "      <td>0.045032</td>\n",
       "      <td>-0.058196</td>\n",
       "      <td>-0.044020</td>\n",
       "      <td>0.141664</td>\n",
       "      <td>0.096093</td>\n",
       "      <td>-0.030711</td>\n",
       "      <td>0.118261</td>\n",
       "      <td>0.210041</td>\n",
       "      <td>-0.280937</td>\n",
       "    </tr>\n",
       "    <tr>\n",
       "      <th>cp</th>\n",
       "      <td>-0.068653</td>\n",
       "      <td>-0.049353</td>\n",
       "      <td>1.000000</td>\n",
       "      <td>0.047608</td>\n",
       "      <td>-0.076904</td>\n",
       "      <td>0.094444</td>\n",
       "      <td>0.044421</td>\n",
       "      <td>0.295762</td>\n",
       "      <td>-0.394280</td>\n",
       "      <td>-0.149230</td>\n",
       "      <td>0.119717</td>\n",
       "      <td>-0.181053</td>\n",
       "      <td>-0.161736</td>\n",
       "      <td>0.433798</td>\n",
       "    </tr>\n",
       "    <tr>\n",
       "      <th>trestbps</th>\n",
       "      <td>0.279351</td>\n",
       "      <td>-0.056769</td>\n",
       "      <td>0.047608</td>\n",
       "      <td>1.000000</td>\n",
       "      <td>0.123174</td>\n",
       "      <td>0.177531</td>\n",
       "      <td>-0.114103</td>\n",
       "      <td>-0.046698</td>\n",
       "      <td>0.067616</td>\n",
       "      <td>0.193216</td>\n",
       "      <td>-0.121475</td>\n",
       "      <td>0.101389</td>\n",
       "      <td>0.062210</td>\n",
       "      <td>-0.144931</td>\n",
       "    </tr>\n",
       "    <tr>\n",
       "      <th>chol</th>\n",
       "      <td>0.213678</td>\n",
       "      <td>-0.197912</td>\n",
       "      <td>-0.076904</td>\n",
       "      <td>0.123174</td>\n",
       "      <td>1.000000</td>\n",
       "      <td>0.013294</td>\n",
       "      <td>-0.151040</td>\n",
       "      <td>-0.009940</td>\n",
       "      <td>0.067023</td>\n",
       "      <td>0.053952</td>\n",
       "      <td>-0.004038</td>\n",
       "      <td>0.070511</td>\n",
       "      <td>0.098803</td>\n",
       "      <td>-0.085239</td>\n",
       "    </tr>\n",
       "    <tr>\n",
       "      <th>fbs</th>\n",
       "      <td>0.121308</td>\n",
       "      <td>0.045032</td>\n",
       "      <td>0.094444</td>\n",
       "      <td>0.177531</td>\n",
       "      <td>0.013294</td>\n",
       "      <td>1.000000</td>\n",
       "      <td>-0.084189</td>\n",
       "      <td>-0.008567</td>\n",
       "      <td>0.025665</td>\n",
       "      <td>0.005747</td>\n",
       "      <td>-0.059894</td>\n",
       "      <td>0.137979</td>\n",
       "      <td>-0.032019</td>\n",
       "      <td>-0.028046</td>\n",
       "    </tr>\n",
       "    <tr>\n",
       "      <th>restecg</th>\n",
       "      <td>-0.116211</td>\n",
       "      <td>-0.058196</td>\n",
       "      <td>0.044421</td>\n",
       "      <td>-0.114103</td>\n",
       "      <td>-0.151040</td>\n",
       "      <td>-0.084189</td>\n",
       "      <td>1.000000</td>\n",
       "      <td>0.044123</td>\n",
       "      <td>-0.070733</td>\n",
       "      <td>-0.058770</td>\n",
       "      <td>0.093045</td>\n",
       "      <td>-0.072042</td>\n",
       "      <td>-0.011981</td>\n",
       "      <td>0.137230</td>\n",
       "    </tr>\n",
       "    <tr>\n",
       "      <th>thalach</th>\n",
       "      <td>-0.398522</td>\n",
       "      <td>-0.044020</td>\n",
       "      <td>0.295762</td>\n",
       "      <td>-0.046698</td>\n",
       "      <td>-0.009940</td>\n",
       "      <td>-0.008567</td>\n",
       "      <td>0.044123</td>\n",
       "      <td>1.000000</td>\n",
       "      <td>-0.378812</td>\n",
       "      <td>-0.344187</td>\n",
       "      <td>0.386784</td>\n",
       "      <td>-0.213177</td>\n",
       "      <td>-0.096439</td>\n",
       "      <td>0.421741</td>\n",
       "    </tr>\n",
       "    <tr>\n",
       "      <th>exang</th>\n",
       "      <td>0.096801</td>\n",
       "      <td>0.141664</td>\n",
       "      <td>-0.394280</td>\n",
       "      <td>0.067616</td>\n",
       "      <td>0.067023</td>\n",
       "      <td>0.025665</td>\n",
       "      <td>-0.070733</td>\n",
       "      <td>-0.378812</td>\n",
       "      <td>1.000000</td>\n",
       "      <td>0.288223</td>\n",
       "      <td>-0.257748</td>\n",
       "      <td>0.115739</td>\n",
       "      <td>0.206754</td>\n",
       "      <td>-0.436757</td>\n",
       "    </tr>\n",
       "    <tr>\n",
       "      <th>oldpeak</th>\n",
       "      <td>0.210013</td>\n",
       "      <td>0.096093</td>\n",
       "      <td>-0.149230</td>\n",
       "      <td>0.193216</td>\n",
       "      <td>0.053952</td>\n",
       "      <td>0.005747</td>\n",
       "      <td>-0.058770</td>\n",
       "      <td>-0.344187</td>\n",
       "      <td>0.288223</td>\n",
       "      <td>1.000000</td>\n",
       "      <td>-0.577537</td>\n",
       "      <td>0.222682</td>\n",
       "      <td>0.210244</td>\n",
       "      <td>-0.430696</td>\n",
       "    </tr>\n",
       "    <tr>\n",
       "      <th>slope</th>\n",
       "      <td>-0.168814</td>\n",
       "      <td>-0.030711</td>\n",
       "      <td>0.119717</td>\n",
       "      <td>-0.121475</td>\n",
       "      <td>-0.004038</td>\n",
       "      <td>-0.059894</td>\n",
       "      <td>0.093045</td>\n",
       "      <td>0.386784</td>\n",
       "      <td>-0.257748</td>\n",
       "      <td>-0.577537</td>\n",
       "      <td>1.000000</td>\n",
       "      <td>-0.080155</td>\n",
       "      <td>-0.104764</td>\n",
       "      <td>0.345877</td>\n",
       "    </tr>\n",
       "    <tr>\n",
       "      <th>ca</th>\n",
       "      <td>0.276326</td>\n",
       "      <td>0.118261</td>\n",
       "      <td>-0.181053</td>\n",
       "      <td>0.101389</td>\n",
       "      <td>0.070511</td>\n",
       "      <td>0.137979</td>\n",
       "      <td>-0.072042</td>\n",
       "      <td>-0.213177</td>\n",
       "      <td>0.115739</td>\n",
       "      <td>0.222682</td>\n",
       "      <td>-0.080155</td>\n",
       "      <td>1.000000</td>\n",
       "      <td>0.151832</td>\n",
       "      <td>-0.391724</td>\n",
       "    </tr>\n",
       "    <tr>\n",
       "      <th>thal</th>\n",
       "      <td>0.068001</td>\n",
       "      <td>0.210041</td>\n",
       "      <td>-0.161736</td>\n",
       "      <td>0.062210</td>\n",
       "      <td>0.098803</td>\n",
       "      <td>-0.032019</td>\n",
       "      <td>-0.011981</td>\n",
       "      <td>-0.096439</td>\n",
       "      <td>0.206754</td>\n",
       "      <td>0.210244</td>\n",
       "      <td>-0.104764</td>\n",
       "      <td>0.151832</td>\n",
       "      <td>1.000000</td>\n",
       "      <td>-0.344029</td>\n",
       "    </tr>\n",
       "    <tr>\n",
       "      <th>target</th>\n",
       "      <td>-0.225439</td>\n",
       "      <td>-0.280937</td>\n",
       "      <td>0.433798</td>\n",
       "      <td>-0.144931</td>\n",
       "      <td>-0.085239</td>\n",
       "      <td>-0.028046</td>\n",
       "      <td>0.137230</td>\n",
       "      <td>0.421741</td>\n",
       "      <td>-0.436757</td>\n",
       "      <td>-0.430696</td>\n",
       "      <td>0.345877</td>\n",
       "      <td>-0.391724</td>\n",
       "      <td>-0.344029</td>\n",
       "      <td>1.000000</td>\n",
       "    </tr>\n",
       "  </tbody>\n",
       "</table>\n",
       "</div>"
      ],
      "text/plain": [
       "               age       sex        cp  trestbps      chol       fbs  \\\n",
       "age       1.000000 -0.098447 -0.068653  0.279351  0.213678  0.121308   \n",
       "sex      -0.098447  1.000000 -0.049353 -0.056769 -0.197912  0.045032   \n",
       "cp       -0.068653 -0.049353  1.000000  0.047608 -0.076904  0.094444   \n",
       "trestbps  0.279351 -0.056769  0.047608  1.000000  0.123174  0.177531   \n",
       "chol      0.213678 -0.197912 -0.076904  0.123174  1.000000  0.013294   \n",
       "fbs       0.121308  0.045032  0.094444  0.177531  0.013294  1.000000   \n",
       "restecg  -0.116211 -0.058196  0.044421 -0.114103 -0.151040 -0.084189   \n",
       "thalach  -0.398522 -0.044020  0.295762 -0.046698 -0.009940 -0.008567   \n",
       "exang     0.096801  0.141664 -0.394280  0.067616  0.067023  0.025665   \n",
       "oldpeak   0.210013  0.096093 -0.149230  0.193216  0.053952  0.005747   \n",
       "slope    -0.168814 -0.030711  0.119717 -0.121475 -0.004038 -0.059894   \n",
       "ca        0.276326  0.118261 -0.181053  0.101389  0.070511  0.137979   \n",
       "thal      0.068001  0.210041 -0.161736  0.062210  0.098803 -0.032019   \n",
       "target   -0.225439 -0.280937  0.433798 -0.144931 -0.085239 -0.028046   \n",
       "\n",
       "           restecg   thalach     exang   oldpeak     slope        ca  \\\n",
       "age      -0.116211 -0.398522  0.096801  0.210013 -0.168814  0.276326   \n",
       "sex      -0.058196 -0.044020  0.141664  0.096093 -0.030711  0.118261   \n",
       "cp        0.044421  0.295762 -0.394280 -0.149230  0.119717 -0.181053   \n",
       "trestbps -0.114103 -0.046698  0.067616  0.193216 -0.121475  0.101389   \n",
       "chol     -0.151040 -0.009940  0.067023  0.053952 -0.004038  0.070511   \n",
       "fbs      -0.084189 -0.008567  0.025665  0.005747 -0.059894  0.137979   \n",
       "restecg   1.000000  0.044123 -0.070733 -0.058770  0.093045 -0.072042   \n",
       "thalach   0.044123  1.000000 -0.378812 -0.344187  0.386784 -0.213177   \n",
       "exang    -0.070733 -0.378812  1.000000  0.288223 -0.257748  0.115739   \n",
       "oldpeak  -0.058770 -0.344187  0.288223  1.000000 -0.577537  0.222682   \n",
       "slope     0.093045  0.386784 -0.257748 -0.577537  1.000000 -0.080155   \n",
       "ca       -0.072042 -0.213177  0.115739  0.222682 -0.080155  1.000000   \n",
       "thal     -0.011981 -0.096439  0.206754  0.210244 -0.104764  0.151832   \n",
       "target    0.137230  0.421741 -0.436757 -0.430696  0.345877 -0.391724   \n",
       "\n",
       "              thal    target  \n",
       "age       0.068001 -0.225439  \n",
       "sex       0.210041 -0.280937  \n",
       "cp       -0.161736  0.433798  \n",
       "trestbps  0.062210 -0.144931  \n",
       "chol      0.098803 -0.085239  \n",
       "fbs      -0.032019 -0.028046  \n",
       "restecg  -0.011981  0.137230  \n",
       "thalach  -0.096439  0.421741  \n",
       "exang     0.206754 -0.436757  \n",
       "oldpeak   0.210244 -0.430696  \n",
       "slope    -0.104764  0.345877  \n",
       "ca        0.151832 -0.391724  \n",
       "thal      1.000000 -0.344029  \n",
       "target   -0.344029  1.000000  "
      ]
     },
     "execution_count": 4,
     "metadata": {},
     "output_type": "execute_result"
    }
   ],
   "source": [
    "df.corr() #Simple correlation\n",
    "# 1 highly +ve correlated \n",
    "# -1 highly -ve correlated\n",
    "# 0 not correlated\n",
    "#-------- Range From .5/.6 to 1  means highly positively correlated & we mostly denote it & write in different parameters\n",
    "#-------- Range from -.6 to -1  means highly negatively Correlated\n",
    "#-------- But between values which are near to 0 are mostly ignored bur depends on our dataset\n",
    "#-------- Range from .4 to .5 means moderately positively correlated"
   ]
  },
  {
   "cell_type": "code",
   "execution_count": 5,
   "metadata": {},
   "outputs": [
    {
     "data": {
      "text/html": [
       "<div>\n",
       "<style scoped>\n",
       "    .dataframe tbody tr th:only-of-type {\n",
       "        vertical-align: middle;\n",
       "    }\n",
       "\n",
       "    .dataframe tbody tr th {\n",
       "        vertical-align: top;\n",
       "    }\n",
       "\n",
       "    .dataframe thead th {\n",
       "        text-align: right;\n",
       "    }\n",
       "</style>\n",
       "<table border=\"1\" class=\"dataframe\">\n",
       "  <thead>\n",
       "    <tr style=\"text-align: right;\">\n",
       "      <th></th>\n",
       "      <th>age</th>\n",
       "      <th>sex</th>\n",
       "      <th>cp</th>\n",
       "      <th>trestbps</th>\n",
       "      <th>chol</th>\n",
       "      <th>fbs</th>\n",
       "      <th>restecg</th>\n",
       "      <th>thalach</th>\n",
       "      <th>exang</th>\n",
       "      <th>oldpeak</th>\n",
       "      <th>slope</th>\n",
       "      <th>ca</th>\n",
       "      <th>thal</th>\n",
       "      <th>target</th>\n",
       "    </tr>\n",
       "  </thead>\n",
       "  <tbody>\n",
       "    <tr>\n",
       "      <th>age</th>\n",
       "      <td>1.000000</td>\n",
       "      <td>-0.098447</td>\n",
       "      <td>-0.068653</td>\n",
       "      <td>0.279351</td>\n",
       "      <td>0.213678</td>\n",
       "      <td>0.121308</td>\n",
       "      <td>-0.116211</td>\n",
       "      <td>-0.398522</td>\n",
       "      <td>0.096801</td>\n",
       "      <td>0.210013</td>\n",
       "      <td>-0.168814</td>\n",
       "      <td>0.276326</td>\n",
       "      <td>0.068001</td>\n",
       "      <td>-0.225439</td>\n",
       "    </tr>\n",
       "    <tr>\n",
       "      <th>sex</th>\n",
       "      <td>-0.098447</td>\n",
       "      <td>1.000000</td>\n",
       "      <td>-0.049353</td>\n",
       "      <td>-0.056769</td>\n",
       "      <td>-0.197912</td>\n",
       "      <td>0.045032</td>\n",
       "      <td>-0.058196</td>\n",
       "      <td>-0.044020</td>\n",
       "      <td>0.141664</td>\n",
       "      <td>0.096093</td>\n",
       "      <td>-0.030711</td>\n",
       "      <td>0.118261</td>\n",
       "      <td>0.210041</td>\n",
       "      <td>-0.280937</td>\n",
       "    </tr>\n",
       "    <tr>\n",
       "      <th>cp</th>\n",
       "      <td>-0.068653</td>\n",
       "      <td>-0.049353</td>\n",
       "      <td>1.000000</td>\n",
       "      <td>0.047608</td>\n",
       "      <td>-0.076904</td>\n",
       "      <td>0.094444</td>\n",
       "      <td>0.044421</td>\n",
       "      <td>0.295762</td>\n",
       "      <td>-0.394280</td>\n",
       "      <td>-0.149230</td>\n",
       "      <td>0.119717</td>\n",
       "      <td>-0.181053</td>\n",
       "      <td>-0.161736</td>\n",
       "      <td>0.433798</td>\n",
       "    </tr>\n",
       "    <tr>\n",
       "      <th>trestbps</th>\n",
       "      <td>0.279351</td>\n",
       "      <td>-0.056769</td>\n",
       "      <td>0.047608</td>\n",
       "      <td>1.000000</td>\n",
       "      <td>0.123174</td>\n",
       "      <td>0.177531</td>\n",
       "      <td>-0.114103</td>\n",
       "      <td>-0.046698</td>\n",
       "      <td>0.067616</td>\n",
       "      <td>0.193216</td>\n",
       "      <td>-0.121475</td>\n",
       "      <td>0.101389</td>\n",
       "      <td>0.062210</td>\n",
       "      <td>-0.144931</td>\n",
       "    </tr>\n",
       "    <tr>\n",
       "      <th>chol</th>\n",
       "      <td>0.213678</td>\n",
       "      <td>-0.197912</td>\n",
       "      <td>-0.076904</td>\n",
       "      <td>0.123174</td>\n",
       "      <td>1.000000</td>\n",
       "      <td>0.013294</td>\n",
       "      <td>-0.151040</td>\n",
       "      <td>-0.009940</td>\n",
       "      <td>0.067023</td>\n",
       "      <td>0.053952</td>\n",
       "      <td>-0.004038</td>\n",
       "      <td>0.070511</td>\n",
       "      <td>0.098803</td>\n",
       "      <td>-0.085239</td>\n",
       "    </tr>\n",
       "    <tr>\n",
       "      <th>fbs</th>\n",
       "      <td>0.121308</td>\n",
       "      <td>0.045032</td>\n",
       "      <td>0.094444</td>\n",
       "      <td>0.177531</td>\n",
       "      <td>0.013294</td>\n",
       "      <td>1.000000</td>\n",
       "      <td>-0.084189</td>\n",
       "      <td>-0.008567</td>\n",
       "      <td>0.025665</td>\n",
       "      <td>0.005747</td>\n",
       "      <td>-0.059894</td>\n",
       "      <td>0.137979</td>\n",
       "      <td>-0.032019</td>\n",
       "      <td>-0.028046</td>\n",
       "    </tr>\n",
       "    <tr>\n",
       "      <th>restecg</th>\n",
       "      <td>-0.116211</td>\n",
       "      <td>-0.058196</td>\n",
       "      <td>0.044421</td>\n",
       "      <td>-0.114103</td>\n",
       "      <td>-0.151040</td>\n",
       "      <td>-0.084189</td>\n",
       "      <td>1.000000</td>\n",
       "      <td>0.044123</td>\n",
       "      <td>-0.070733</td>\n",
       "      <td>-0.058770</td>\n",
       "      <td>0.093045</td>\n",
       "      <td>-0.072042</td>\n",
       "      <td>-0.011981</td>\n",
       "      <td>0.137230</td>\n",
       "    </tr>\n",
       "    <tr>\n",
       "      <th>thalach</th>\n",
       "      <td>-0.398522</td>\n",
       "      <td>-0.044020</td>\n",
       "      <td>0.295762</td>\n",
       "      <td>-0.046698</td>\n",
       "      <td>-0.009940</td>\n",
       "      <td>-0.008567</td>\n",
       "      <td>0.044123</td>\n",
       "      <td>1.000000</td>\n",
       "      <td>-0.378812</td>\n",
       "      <td>-0.344187</td>\n",
       "      <td>0.386784</td>\n",
       "      <td>-0.213177</td>\n",
       "      <td>-0.096439</td>\n",
       "      <td>0.421741</td>\n",
       "    </tr>\n",
       "    <tr>\n",
       "      <th>exang</th>\n",
       "      <td>0.096801</td>\n",
       "      <td>0.141664</td>\n",
       "      <td>-0.394280</td>\n",
       "      <td>0.067616</td>\n",
       "      <td>0.067023</td>\n",
       "      <td>0.025665</td>\n",
       "      <td>-0.070733</td>\n",
       "      <td>-0.378812</td>\n",
       "      <td>1.000000</td>\n",
       "      <td>0.288223</td>\n",
       "      <td>-0.257748</td>\n",
       "      <td>0.115739</td>\n",
       "      <td>0.206754</td>\n",
       "      <td>-0.436757</td>\n",
       "    </tr>\n",
       "    <tr>\n",
       "      <th>oldpeak</th>\n",
       "      <td>0.210013</td>\n",
       "      <td>0.096093</td>\n",
       "      <td>-0.149230</td>\n",
       "      <td>0.193216</td>\n",
       "      <td>0.053952</td>\n",
       "      <td>0.005747</td>\n",
       "      <td>-0.058770</td>\n",
       "      <td>-0.344187</td>\n",
       "      <td>0.288223</td>\n",
       "      <td>1.000000</td>\n",
       "      <td>-0.577537</td>\n",
       "      <td>0.222682</td>\n",
       "      <td>0.210244</td>\n",
       "      <td>-0.430696</td>\n",
       "    </tr>\n",
       "    <tr>\n",
       "      <th>slope</th>\n",
       "      <td>-0.168814</td>\n",
       "      <td>-0.030711</td>\n",
       "      <td>0.119717</td>\n",
       "      <td>-0.121475</td>\n",
       "      <td>-0.004038</td>\n",
       "      <td>-0.059894</td>\n",
       "      <td>0.093045</td>\n",
       "      <td>0.386784</td>\n",
       "      <td>-0.257748</td>\n",
       "      <td>-0.577537</td>\n",
       "      <td>1.000000</td>\n",
       "      <td>-0.080155</td>\n",
       "      <td>-0.104764</td>\n",
       "      <td>0.345877</td>\n",
       "    </tr>\n",
       "    <tr>\n",
       "      <th>ca</th>\n",
       "      <td>0.276326</td>\n",
       "      <td>0.118261</td>\n",
       "      <td>-0.181053</td>\n",
       "      <td>0.101389</td>\n",
       "      <td>0.070511</td>\n",
       "      <td>0.137979</td>\n",
       "      <td>-0.072042</td>\n",
       "      <td>-0.213177</td>\n",
       "      <td>0.115739</td>\n",
       "      <td>0.222682</td>\n",
       "      <td>-0.080155</td>\n",
       "      <td>1.000000</td>\n",
       "      <td>0.151832</td>\n",
       "      <td>-0.391724</td>\n",
       "    </tr>\n",
       "    <tr>\n",
       "      <th>thal</th>\n",
       "      <td>0.068001</td>\n",
       "      <td>0.210041</td>\n",
       "      <td>-0.161736</td>\n",
       "      <td>0.062210</td>\n",
       "      <td>0.098803</td>\n",
       "      <td>-0.032019</td>\n",
       "      <td>-0.011981</td>\n",
       "      <td>-0.096439</td>\n",
       "      <td>0.206754</td>\n",
       "      <td>0.210244</td>\n",
       "      <td>-0.104764</td>\n",
       "      <td>0.151832</td>\n",
       "      <td>1.000000</td>\n",
       "      <td>-0.344029</td>\n",
       "    </tr>\n",
       "    <tr>\n",
       "      <th>target</th>\n",
       "      <td>-0.225439</td>\n",
       "      <td>-0.280937</td>\n",
       "      <td>0.433798</td>\n",
       "      <td>-0.144931</td>\n",
       "      <td>-0.085239</td>\n",
       "      <td>-0.028046</td>\n",
       "      <td>0.137230</td>\n",
       "      <td>0.421741</td>\n",
       "      <td>-0.436757</td>\n",
       "      <td>-0.430696</td>\n",
       "      <td>0.345877</td>\n",
       "      <td>-0.391724</td>\n",
       "      <td>-0.344029</td>\n",
       "      <td>1.000000</td>\n",
       "    </tr>\n",
       "  </tbody>\n",
       "</table>\n",
       "</div>"
      ],
      "text/plain": [
       "               age       sex        cp  trestbps      chol       fbs  \\\n",
       "age       1.000000 -0.098447 -0.068653  0.279351  0.213678  0.121308   \n",
       "sex      -0.098447  1.000000 -0.049353 -0.056769 -0.197912  0.045032   \n",
       "cp       -0.068653 -0.049353  1.000000  0.047608 -0.076904  0.094444   \n",
       "trestbps  0.279351 -0.056769  0.047608  1.000000  0.123174  0.177531   \n",
       "chol      0.213678 -0.197912 -0.076904  0.123174  1.000000  0.013294   \n",
       "fbs       0.121308  0.045032  0.094444  0.177531  0.013294  1.000000   \n",
       "restecg  -0.116211 -0.058196  0.044421 -0.114103 -0.151040 -0.084189   \n",
       "thalach  -0.398522 -0.044020  0.295762 -0.046698 -0.009940 -0.008567   \n",
       "exang     0.096801  0.141664 -0.394280  0.067616  0.067023  0.025665   \n",
       "oldpeak   0.210013  0.096093 -0.149230  0.193216  0.053952  0.005747   \n",
       "slope    -0.168814 -0.030711  0.119717 -0.121475 -0.004038 -0.059894   \n",
       "ca        0.276326  0.118261 -0.181053  0.101389  0.070511  0.137979   \n",
       "thal      0.068001  0.210041 -0.161736  0.062210  0.098803 -0.032019   \n",
       "target   -0.225439 -0.280937  0.433798 -0.144931 -0.085239 -0.028046   \n",
       "\n",
       "           restecg   thalach     exang   oldpeak     slope        ca  \\\n",
       "age      -0.116211 -0.398522  0.096801  0.210013 -0.168814  0.276326   \n",
       "sex      -0.058196 -0.044020  0.141664  0.096093 -0.030711  0.118261   \n",
       "cp        0.044421  0.295762 -0.394280 -0.149230  0.119717 -0.181053   \n",
       "trestbps -0.114103 -0.046698  0.067616  0.193216 -0.121475  0.101389   \n",
       "chol     -0.151040 -0.009940  0.067023  0.053952 -0.004038  0.070511   \n",
       "fbs      -0.084189 -0.008567  0.025665  0.005747 -0.059894  0.137979   \n",
       "restecg   1.000000  0.044123 -0.070733 -0.058770  0.093045 -0.072042   \n",
       "thalach   0.044123  1.000000 -0.378812 -0.344187  0.386784 -0.213177   \n",
       "exang    -0.070733 -0.378812  1.000000  0.288223 -0.257748  0.115739   \n",
       "oldpeak  -0.058770 -0.344187  0.288223  1.000000 -0.577537  0.222682   \n",
       "slope     0.093045  0.386784 -0.257748 -0.577537  1.000000 -0.080155   \n",
       "ca       -0.072042 -0.213177  0.115739  0.222682 -0.080155  1.000000   \n",
       "thal     -0.011981 -0.096439  0.206754  0.210244 -0.104764  0.151832   \n",
       "target    0.137230  0.421741 -0.436757 -0.430696  0.345877 -0.391724   \n",
       "\n",
       "              thal    target  \n",
       "age       0.068001 -0.225439  \n",
       "sex       0.210041 -0.280937  \n",
       "cp       -0.161736  0.433798  \n",
       "trestbps  0.062210 -0.144931  \n",
       "chol      0.098803 -0.085239  \n",
       "fbs      -0.032019 -0.028046  \n",
       "restecg  -0.011981  0.137230  \n",
       "thalach  -0.096439  0.421741  \n",
       "exang     0.206754 -0.436757  \n",
       "oldpeak   0.210244 -0.430696  \n",
       "slope    -0.104764  0.345877  \n",
       "ca        0.151832 -0.391724  \n",
       "thal      1.000000 -0.344029  \n",
       "target   -0.344029  1.000000  "
      ]
     },
     "execution_count": 5,
     "metadata": {},
     "output_type": "execute_result"
    }
   ],
   "source": [
    "corr=df.corr(method='pearson') # Pearson is used for normal data\n",
    "corr"
   ]
  },
  {
   "cell_type": "code",
   "execution_count": 6,
   "metadata": {},
   "outputs": [
    {
     "data": {
      "text/html": [
       "<div>\n",
       "<style scoped>\n",
       "    .dataframe tbody tr th:only-of-type {\n",
       "        vertical-align: middle;\n",
       "    }\n",
       "\n",
       "    .dataframe tbody tr th {\n",
       "        vertical-align: top;\n",
       "    }\n",
       "\n",
       "    .dataframe thead th {\n",
       "        text-align: right;\n",
       "    }\n",
       "</style>\n",
       "<table border=\"1\" class=\"dataframe\">\n",
       "  <thead>\n",
       "    <tr style=\"text-align: right;\">\n",
       "      <th></th>\n",
       "      <th>age</th>\n",
       "      <th>sex</th>\n",
       "      <th>cp</th>\n",
       "      <th>trestbps</th>\n",
       "      <th>chol</th>\n",
       "      <th>fbs</th>\n",
       "      <th>restecg</th>\n",
       "      <th>thalach</th>\n",
       "      <th>exang</th>\n",
       "      <th>oldpeak</th>\n",
       "      <th>slope</th>\n",
       "      <th>ca</th>\n",
       "      <th>thal</th>\n",
       "      <th>target</th>\n",
       "    </tr>\n",
       "  </thead>\n",
       "  <tbody>\n",
       "    <tr>\n",
       "      <th>age</th>\n",
       "      <td>1.000000</td>\n",
       "      <td>-0.099131</td>\n",
       "      <td>-0.087494</td>\n",
       "      <td>0.285617</td>\n",
       "      <td>0.195786</td>\n",
       "      <td>0.113978</td>\n",
       "      <td>-0.132769</td>\n",
       "      <td>-0.398052</td>\n",
       "      <td>0.089679</td>\n",
       "      <td>0.268291</td>\n",
       "      <td>-0.184048</td>\n",
       "      <td>0.340955</td>\n",
       "      <td>0.087254</td>\n",
       "      <td>-0.238400</td>\n",
       "    </tr>\n",
       "    <tr>\n",
       "      <th>sex</th>\n",
       "      <td>-0.099131</td>\n",
       "      <td>1.000000</td>\n",
       "      <td>-0.062041</td>\n",
       "      <td>-0.052941</td>\n",
       "      <td>-0.151342</td>\n",
       "      <td>0.045032</td>\n",
       "      <td>-0.048389</td>\n",
       "      <td>-0.039868</td>\n",
       "      <td>0.141664</td>\n",
       "      <td>0.100715</td>\n",
       "      <td>-0.025010</td>\n",
       "      <td>0.119368</td>\n",
       "      <td>0.250821</td>\n",
       "      <td>-0.280937</td>\n",
       "    </tr>\n",
       "    <tr>\n",
       "      <th>cp</th>\n",
       "      <td>-0.087494</td>\n",
       "      <td>-0.062041</td>\n",
       "      <td>1.000000</td>\n",
       "      <td>0.035413</td>\n",
       "      <td>-0.091721</td>\n",
       "      <td>0.089775</td>\n",
       "      <td>0.065640</td>\n",
       "      <td>0.324013</td>\n",
       "      <td>-0.418256</td>\n",
       "      <td>-0.161449</td>\n",
       "      <td>0.159478</td>\n",
       "      <td>-0.216006</td>\n",
       "      <td>-0.207840</td>\n",
       "      <td>0.460860</td>\n",
       "    </tr>\n",
       "    <tr>\n",
       "      <th>trestbps</th>\n",
       "      <td>0.285617</td>\n",
       "      <td>-0.052941</td>\n",
       "      <td>0.035413</td>\n",
       "      <td>1.000000</td>\n",
       "      <td>0.126562</td>\n",
       "      <td>0.151984</td>\n",
       "      <td>-0.125841</td>\n",
       "      <td>-0.040407</td>\n",
       "      <td>0.052918</td>\n",
       "      <td>0.154267</td>\n",
       "      <td>-0.086570</td>\n",
       "      <td>0.090140</td>\n",
       "      <td>0.059673</td>\n",
       "      <td>-0.121593</td>\n",
       "    </tr>\n",
       "    <tr>\n",
       "      <th>chol</th>\n",
       "      <td>0.195786</td>\n",
       "      <td>-0.151342</td>\n",
       "      <td>-0.091721</td>\n",
       "      <td>0.126562</td>\n",
       "      <td>1.000000</td>\n",
       "      <td>0.018463</td>\n",
       "      <td>-0.161933</td>\n",
       "      <td>-0.046766</td>\n",
       "      <td>0.091514</td>\n",
       "      <td>0.045260</td>\n",
       "      <td>-0.012551</td>\n",
       "      <td>0.111981</td>\n",
       "      <td>0.083628</td>\n",
       "      <td>-0.120888</td>\n",
       "    </tr>\n",
       "    <tr>\n",
       "      <th>fbs</th>\n",
       "      <td>0.113978</td>\n",
       "      <td>0.045032</td>\n",
       "      <td>0.089775</td>\n",
       "      <td>0.151984</td>\n",
       "      <td>0.018463</td>\n",
       "      <td>1.000000</td>\n",
       "      <td>-0.081508</td>\n",
       "      <td>-0.014273</td>\n",
       "      <td>0.025665</td>\n",
       "      <td>0.028363</td>\n",
       "      <td>-0.045786</td>\n",
       "      <td>0.134513</td>\n",
       "      <td>-0.006737</td>\n",
       "      <td>-0.028046</td>\n",
       "    </tr>\n",
       "    <tr>\n",
       "      <th>restecg</th>\n",
       "      <td>-0.132769</td>\n",
       "      <td>-0.048389</td>\n",
       "      <td>0.065640</td>\n",
       "      <td>-0.125841</td>\n",
       "      <td>-0.161933</td>\n",
       "      <td>-0.081508</td>\n",
       "      <td>1.000000</td>\n",
       "      <td>0.087863</td>\n",
       "      <td>-0.077399</td>\n",
       "      <td>-0.077372</td>\n",
       "      <td>0.113661</td>\n",
       "      <td>-0.097862</td>\n",
       "      <td>-0.010982</td>\n",
       "      <td>0.148612</td>\n",
       "    </tr>\n",
       "    <tr>\n",
       "      <th>thalach</th>\n",
       "      <td>-0.398052</td>\n",
       "      <td>-0.039868</td>\n",
       "      <td>0.324013</td>\n",
       "      <td>-0.040407</td>\n",
       "      <td>-0.046766</td>\n",
       "      <td>-0.014273</td>\n",
       "      <td>0.087863</td>\n",
       "      <td>1.000000</td>\n",
       "      <td>-0.400860</td>\n",
       "      <td>-0.433241</td>\n",
       "      <td>0.436968</td>\n",
       "      <td>-0.257347</td>\n",
       "      <td>-0.160581</td>\n",
       "      <td>0.428370</td>\n",
       "    </tr>\n",
       "    <tr>\n",
       "      <th>exang</th>\n",
       "      <td>0.089679</td>\n",
       "      <td>0.141664</td>\n",
       "      <td>-0.418256</td>\n",
       "      <td>0.052918</td>\n",
       "      <td>0.091514</td>\n",
       "      <td>0.025665</td>\n",
       "      <td>-0.077399</td>\n",
       "      <td>-0.400860</td>\n",
       "      <td>1.000000</td>\n",
       "      <td>0.297173</td>\n",
       "      <td>-0.274475</td>\n",
       "      <td>0.162025</td>\n",
       "      <td>0.247113</td>\n",
       "      <td>-0.436757</td>\n",
       "    </tr>\n",
       "    <tr>\n",
       "      <th>oldpeak</th>\n",
       "      <td>0.268291</td>\n",
       "      <td>0.100715</td>\n",
       "      <td>-0.161449</td>\n",
       "      <td>0.154267</td>\n",
       "      <td>0.045260</td>\n",
       "      <td>0.028363</td>\n",
       "      <td>-0.077372</td>\n",
       "      <td>-0.433241</td>\n",
       "      <td>0.297173</td>\n",
       "      <td>1.000000</td>\n",
       "      <td>-0.594847</td>\n",
       "      <td>0.224895</td>\n",
       "      <td>0.255026</td>\n",
       "      <td>-0.421487</td>\n",
       "    </tr>\n",
       "    <tr>\n",
       "      <th>slope</th>\n",
       "      <td>-0.184048</td>\n",
       "      <td>-0.025010</td>\n",
       "      <td>0.159478</td>\n",
       "      <td>-0.086570</td>\n",
       "      <td>-0.012551</td>\n",
       "      <td>-0.045786</td>\n",
       "      <td>0.113661</td>\n",
       "      <td>0.436968</td>\n",
       "      <td>-0.274475</td>\n",
       "      <td>-0.594847</td>\n",
       "      <td>1.000000</td>\n",
       "      <td>-0.099901</td>\n",
       "      <td>-0.154886</td>\n",
       "      <td>0.371460</td>\n",
       "    </tr>\n",
       "    <tr>\n",
       "      <th>ca</th>\n",
       "      <td>0.340955</td>\n",
       "      <td>0.119368</td>\n",
       "      <td>-0.216006</td>\n",
       "      <td>0.090140</td>\n",
